Inscrição|	Idade|	Curso|	Pontuação
	1001	23		14		2162
	1002	18		14		1768
	1003	19		16		2050
	1004	30		16		3589
	1005	19		12		1408
	1006	19		11		3930
	1007	20		15		818
	1008	26		12		3852
	1009	17		13		2915
	1010	17		16		640
	1011	30		15		4066
	1012	18		12		4699
	1013	30		13		2491
	1014	26		14		3512
	1015	24		12		457
	1016	28		13		1817
	1017	27		16		4861
	1018	20		16		3968
	1019	29		11		4091
	1020	19		12		3789
	1021	18		13		3934
	1022	21		15		1900
	1023	26		12		1537
	1024	23		12		4982
	1025	18		15		1271
	1026	26		13		1483
	1027	25		14		1284
	1028	24		12		512
	1029	27		13		1294
	1030	30		16		1860
	1031	28		14		2787
	1032	29		13		3261
	1033	21		14		1701
	1034	26		14		1655
	1035	18		12		3010
	1036	29		11		1979
	1037	19		15		3350
	1038	20		13		4915
	1039	29		13		4695
	1040	28		14		2030
	1041	20		14		1251
	1042	20		12		3896
	1043	22		16		1452
	1044	27		16		2015
	1045	22		15		3138
	1046	17		13		977
	1047	29		13		4663
	1048	26		15		2211
	1049	28		13		2184
	1050	22		15		4510
	1051	25		13		3375
	1052	17		15		3950
	1053	27		11		1471
	1054	29		13		2873
	1055	19		15		2327
	1056	20		15		4687
	1057	25		14		1521
	1058	18		11		3432
	1059	25		14		2484
	1060	22		15		1747
	1061	26		13		4721
	1062	25		15		1248
	1063	27		16		2449
	1064	19		12		1325
	1065	24		16		3904
	1066	23		12		4518
	1067	25		12		242
	1068	23		16		2738
	1069	18		12		4720
	1070	25		13		834
	1071	24		15		2346
	1072	24		15		3833
	1073	25		11		1321
	1074	30		14		4509
	1075	21		15		4788
	1076	17		16		1496
	1077	18		15		2359
	1078	28		15		2690
	1079	23		14		783
	1080	30		16		452
	1081	24		16		3518
	1082	19		15		3652
	1083	26		16		294
	1084	30		15		3975
	1085	27		15		2228
	1086	23		14		1730
	1087	25		11		3427
	1088	29		12		2328
	1089	19		11		2293
	1090	20		11		3958
	1091	24		15		4570
	1092	24		14		2442
	1093	20		15		2731
	1094	27		14		1830
	1095	23		14		4655
	1096	18		15		1806
	1097	20		14		3817
	1098	21		15		3649
	1099	30		14		227
	1100	30		12		4516
	1101	18		12		1060
	1102	24		15		1458
	1103	28		15		987
	1104	28		15		3904
	1105	26		16		554
	1106	22		14		2033
	1107	17		16		1243
	1108	19		11		2574
	1109	19		16		364
	1110	20		15		4414
	1111	26		16		1946
	1112	30		15		4235
	1113	29		13		1746
	1114	26		11		4396
	1115	25		15		1390
	1116	29		15		1312
	1117	17		13		2411
	1118	24		15		388
	1119	28		12		1221
	1120	20		11		3597
	1121	23		16		347
	1122	26		13		4012
	1123	27		14		1775
	1124	27		15		2
	1125	22		12		1905
	1126	29		16		1932
	1127	19		16		2281
	1128	22		11		177
	1129	24		14		1990
	1130	29		15		2231
	1131	22		12		3388
	1132	30		14		2460
	1133	19		16		644
	1134	22		16		4701
	1135	30		15		462
	1136	27		14		194
	1137	30		13		3959
	1138	26		15		578
	1139	26		12		3010
	1140	28		12		1356
	1141	18		12		550
	1142	21		11		2992
	1143	18		15		1960
	1144	18		11		3693
	1145	28		14		4547
	1146	25		16		3036
	1147	23		15		1557
	1148	21		14		190
	1149	27		16		4158
	1150	27		15		417
	1151	28		15		4049
	1152	22		12		3167
	1153	26		15		4489
	1154	22		15		460
	1155	20		16		1090
	1156	21		11		1745
	1157	26		15		3808
	1158	27		12		3584
	1159	17		13		1393
	1160	26		15		2580
	1161	29		13		2932
	1162	19		13		4350
	1163	29		14		324
	1164	17		15		4780
	1165	27		15		2458
	1166	23		14		2309
	1167	18		12		1945
	1168	27		11		249
	1169	25		16		225
	1170	24		11		865
	1171	28		16		2877
	1172	23		15		633
	1173	23		12		3325
	1174	22		12		4500
	1175	17		13		1414
	1176	29		15		617
	1177	18		11		2714
	1178	26		11		1982
	1179	25		11		3488
	1180	25		12		2933
	1181	21		15		359
	1182	25		14		4238
	1183	24		14		3236
	1184	19		15		3967
	1185	19		13		4952
	1186	26		16		1788
	1187	28		11		4737
	1188	21		12		4093
	1189	20		14		2538
	1190	21		11		2121
	1191	25		11		165
	1192	23		12		4958
	1193	25		12		4456
	1194	29		12		456
	1195	21		12		796
	1196	28		15		2070
	1197	28		15		2979
	1198	28		11		1309
	1199	27		14		2805
	1200	22		15		1452
	1201	28		11		3278
	1202	19		11		352
	1203	28		11		865
	1204	18		14		4306
	1205	26		13		882
	1206	27		13		2281
	1207	30		15		171
	1208	26		11		920
	1209	30		14		3097
	1210	28		14		3919
	1211	30		12		313
	1212	22		14		1900
	1213	21		13		4617
	1214	18		15		2586
	1215	29		13		2376
	1216	22		15		3603
	1217	30		15		3142
	1218	21		11		4636
	1219	17		12		1650
	1220	30		16		74
	1221	30		13		2942
	1222	22		15		2816
	1223	26		12		4114
	1224	20		11		3991
	1225	22		12		402
	1226	21		15		4947
	1227	22		12		1917
	1228	29		15		2149
	1229	29		14		3205
	1230	20		15		3917
	1231	28		12		3585
	1232	27		12		2790
	1233	25		11		4654
	1234	29		12		860
	1235	22		15		4526
	1236	22		14		3790
	1237	21		11		2717
	1238	28		13		4772
	1239	24		12		4726
	1240	23		11		2326
	1241	24		13		1787
	1242	30		11		1816
	1243	17		16		4753
	1244	21		15		644
	1245	21		13		2813
	1246	25		16		2782
	1247	19		14		2357
	1248	24		13		2305
	1249	19		16		3728
	1250	29		16		1104
	1251	20		13		387
	1252	26		15		1628
	1253	20		13		1601
	1254	30		14		3800
	1255	25		13		41
	1256	25		16		2791
	1257	19		13		1062
	1258	27		16		3974
	1259	19		13		3561
	1260	21		12		4459
	1261	26		16		3871
	1262	27		12		87
	1263	26		15		2237
	1264	30		13		3490
	1265	25		15		2707
	1266	26		12		3995
	1267	19		13		2137
	1268	30		14		1103
	1269	25		14		3034
	1270	29		15		4692
	1271	28		13		3059
	1272	20		12		4110
	1273	18		15		2886
	1274	22		16		680
	1275	23		13		1100
	1276	25		15		1763
	1277	29		16		3541
	1278	18		15		49
	1279	27		13		1366
	1280	22		11		3216
	1281	18		15		1331
	1282	19		11		2539
	1283	30		12		1560
	1284	21		11		2557
	1285	20		15		2544
	1286	24		11		1563
	1287	23		11		757
	1288	18		11		2278
	1289	20		11		989
	1290	28		13		4958
	1291	18		12		3082
	1292	22		12		3246
	1293	27		11		2325
	1294	25		16		4478
	1295	20		15		3580
	1296	22		12		1114
	1297	29		15		3193
	1298	21		12		856
	1299	23		16		1009
	1300	23		16		4199
	1301	30		14		2482
	1302	23		12		2782
	1303	19		16		1498
	1304	20		14		1550
	1305	29		15		3166
	1306	25		12		890
	1307	20		15		1118
	1308	21		12		1834
	1309	20		14		2778
	1310	28		12		644
	1311	29		14		2451
	1312	23		13		4792
	1313	19		15		3291
	1314	22		12		1428
	1315	17		15		2059
	1316	30		14		1424
	1317	17		13		3704
	1318	22		12		3280
	1319	26		11		141
	1320	18		15		1332
	1321	27		14		259
	1322	19		14		2483
	1323	26		13		4567
	1324	26		14		1670
	1325	23		15		3446
	1326	27		14		1437
	1327	22		14		1056
	1328	22		15		1934
	1329	23		13		2794
	1330	25		13		1184
	1331	27		14		2535
	1332	23		16		4431
	1333	20		11		4300
	1334	20		11		4710
	1335	23		12		2166
	1336	21		12		928
	1337	18		13		428
	1338	25		11		841
	1339	25		12		1570
	1340	27		16		3193
	1341	19		12		4238
	1342	29		13		1606
	1343	22		11		2185
	1344	21		15		56
	1345	22		12		222
	1346	18		16		4636
	1347	22		12		443
	1348	19		11		2421
	1349	30		11		2452
	1350	24		13		4687
	1351	19		12		2575
	1352	24		12		3075
	1353	20		16		110
	1354	27		11		954
	1355	19		14		4372
	1356	29		13		1458
	1357	29		14		1100
	1358	20		12		2084
	1359	26		14		1436
	1360	17		12		4471
	1361	17		12		2141
	1362	26		13		2216
	1363	21		15		561
	1364	24		11		271
	1365	24		12		227
	1366	21		13		4795
	1367	26		12		457
	1368	27		11		1893
	1369	24		12		937
	1370	20		14		4889
	1371	27		11		3198
	1372	26		14		3381
	1373	27		13		4587
	1374	21		14		960
	1375	22		11		751
	1376	22		15		2358
	1377	30		14		4008
	1378	22		13		678
	1379	20		12		4413
	1380	25		14		3691
	1381	28		12		99
	1382	17		13		2181
	1383	24		14		54
	1384	19		15		2739
	1385	23		16		3213
	1386	17		15		1433
	1387	20		15		3926
	1388	17		15		2681
	1389	24		16		911
	1390	21		13		2297
	1391	17		12		1047
	1392	29		12		3856
	1393	30		13		4894
	1394	18		16		4774
	1395	23		15		1916
	1396	22		15		32
	1397	18		15		3751
	1398	20		13		569
	1399	24		16		1824
	1400	21		15		2358
	1401	26		14		3078
	1402	24		13		265
	1403	28		11		1074
	1404	24		13		4212
	1405	22		14		4676
	1406	28		14		2507
	1407	29		12		2851
	1408	21		13		3253
	1409	22		16		92
	1410	29		16		1544
	1411	18		14		1799
	1412	24		15		1231
	1413	27		12		2179
	1414	20		11		4532
	1415	30		15		1592
	1416	23		16		312
	1417	18		12		4676
	1418	27		13		2295
	1419	17		16		4164
	1420	22		14		909
	1421	22		11		249
	1422	20		13		786
	1423	17		15		1976
	1424	30		13		2847
	1425	27		12		3154
	1426	17		14		2754
	1427	28		11		467
	1428	28		16		4038
	1429	17		11		3554
	1430	24		12		4013
	1431	17		11		2338
	1432	25		14		4886
	1433	18		11		2085
	1434	29		11		1869
	1435	24		13		2741
	1436	24		16		2146
	1437	26		15		1379
	1438	19		15		219
	1439	19		12		2931
	1440	19		12		3403
	1441	22		13		160
	1442	17		11		4483
	1443	26		14		2006
	1444	23		14		2088
	1445	24		16		966
	1446	17		11		1586
	1447	28		14		1141
	1448	25		15		1443
	1449	17		12		4567
	1450	28		13		286
	1451	17		11		3536
	1452	26		13		431
	1453	20		14		679
	1454	20		15		2115
	1455	26		16		3257
	1456	28		16		4242
	1457	25		14		2423
	1458	27		12		4876
	1459	23		16		372
	1460	22		11		1105
	1461	23		15		1974
	1462	29		15		3809
	1463	17		14		1213
	1464	24		13		2504
	1465	26		15		2774
	1466	26		14		2112
	1467	28		16		3491
	1468	27		11		3832
	1469	23		13		4319
	1470	18		11		4339
	1471	21		12		612
	1472	25		12		1778
	1473	20		16		2235
	1474	19		16		3759
	1475	22		14		4954
	1476	30		11		738
	1477	18		16		2519
	1478	25		14		4800
	1479	17		13		2015
	1480	20		11		4266
	1481	24		16		3790
	1482	22		13		3623
	1483	27		13		3562
	1484	19		11		1582
	1485	22		13		4385
	1486	27		14		1295
	1487	19		14		3419
	1488	28		12		2706
	1489	30		15		3125
	1490	24		16		4061
	1491	24		14		1728
	1492	27		12		276
	1493	21		15		3478
	1494	23		16		1898
	1495	20		11		1707
	1496	25		11		4726
	1497	22		11		3740
	1498	25		12		736
	1499	24		14		2308
	1500	30		12		3928
	1501	30		15		1283
	1502	21		15		4476
	1503	28		11		4613
	1504	22		16		3816
	1505	18		15		955
	1506	24		15		2715
	1507	24		14		3236
	1508	28		16		2201
	1509	18		13		1048
	1510	19		16		4619
	1511	23		15		4320
	1512	20		14		110
	1513	19		11		2687
	1514	29		13		1170
	1515	25		15		851
	1516	25		15		888
	1517	26		15		977
	1518	29		12		3858
	1519	22		11		1651
	1520	25		14		3346
	1521	27		15		4311
	1522	24		14		187
	1523	24		12		4175
	1524	20		16		1779
	1525	24		16		1041
	1526	30		12		1934
	1527	25		15		3916
	1528	18		13		3816
	1529	27		15		2266
	1530	29		13		2524
	1531	26		12		949
	1532	24		16		3967
	1533	30		13		3447
	1534	19		16		2615
	1535	21		14		204
	1536	27		11		2236
	1537	21		13		228
	1538	25		14		2564
	1539	23		16		4532
	1540	19		14		3898
	1541	28		11		2759
	1542	24		11		1226
	1543	28		14		2816
	1544	26		15		4430
	1545	24		14		3098
	1546	19		15		2766
	1547	28		11		213
	1548	22		11		85
	1549	19		16		670
	1550	28		16		2843
	1551	22		12		1037
	1552	23		11		1926
	1553	21		14		981
	1554	29		16		1929
	1555	27		15		3390
	1556	24		14		3018
	1557	21		13		154
	1558	18		14		1790
	1559	17		14		2979
	1560	27		15		3658
	1561	30		11		877
	1562	21		15		1063
	1563	26		12		958
	1564	30		16		1594
	1565	26		12		1772
	1566	26		16		4036
	1567	17		15		1906
	1568	22		12		376
	1569	24		15		1365
	1570	19		16		4563
	1571	24		15		4212
	1572	29		14		207
	1573	18		12		89
	1574	19		16		4400
	1575	18		14		3365
	1576	22		13		192
	1577	26		11		736
	1578	29		16		1812
	1579	30		15		3953
	1580	21		12		503
	1581	19		14		314
	1582	18		13		719
	1583	25		14		3500
	1584	17		16		4822
	1585	27		11		3303
	1586	18		15		4628
	1587	28		12		1749
	1588	17		11		3734
	1589	30		11		3105
	1590	29		13		3743
	1591	18		14		2941
	1592	19		12		1558
	1593	22		14		3647
	1594	23		11		1347
	1595	21		15		1532
	1596	24		15		1195
	1597	29		12		4066
	1598	19		12		1295
	1599	24		12		1139
	1600	24		15		1950
	1601	28		13		319
	1602	20		13		4553
	1603	22		13		4973
	1604	23		12		4270
	1605	20		16		4427
	1606	25		16		1306
	1607	26		13		1616
	1608	17		15		2354
	1609	19		11		1720
	1610	28		12		2738
	1611	24		16		783
	1612	25		16		708
	1613	19		13		761
	1614	25		16		4729
	1615	25		12		3761
	1616	18		14		3781
	1617	26		12		3221
	1618	17		11		398
	1619	21		14		3393
	1620	29		16		376
	1621	26		16		3569
	1622	26		12		4661
	1623	20		12		142
	1624	29		14		1395
	1625	17		12		3787
	1626	22		11		4865
	1627	17		14		4539
	1628	26		14		943
	1629	22		14		1049
	1630	18		12		1809
	1631	19		15		1743
	1632	24		15		2700
	1633	18		13		1176
	1634	26		15		1654
	1635	26		12		556
	1636	18		14		2482
	1637	24		13		2107
	1638	29		12		270
	1639	20		11		32
	1640	18		13		2215
	1641	21		11		3388
	1642	27		14		3858
	1643	17		12		258
	1644	26		13		3900
	1645	17		15		2072
	1646	29		14		961
	1647	21		12		3000
	1648	20		12		680
	1649	18		13		591
	1650	24		16		4206
	1651	23		11		3264
	1652	30		15		1860
	1653	27		13		4522
	1654	22		12		4374
	1655	22		12		2580
	1656	29		11		3273
	1657	27		11		1766
	1658	23		13		3835
	1659	23		14		1585
	1660	21		13		841
	1661	23		14		1654
	1662	24		12		3479
	1663	26		12		2772
	1664	22		12		3583
	1665	20		14		4908
	1666	29		16		887
	1667	30		14		4469
	1668	23		14		4866
	1669	19		13		2570
	1670	21		13		3885
	1671	28		11		3530
	1672	21		15		339
	1673	22		11		237
	1674	27		16		797
	1675	28		14		4544
	1676	27		15		1746
	1677	22		16		329
	1678	27		13		2252
	1679	22		12		4079
	1680	21		16		1226
	1681	23		16		4992
	1682	24		14		1492
	1683	27		12		3577
	1684	17		16		2233
	1685	27		16		1873
	1686	25		16		4699
	1687	24		16		3642
	1688	21		15		1955
	1689	30		11		1241
	1690	19		13		3680
	1691	19		11		1334
	1692	30		11		4679
	1693	22		13		958
	1694	28		14		139
	1695	17		14		3280
	1696	24		16		3700
	1697	20		13		838
	1698	28		14		3816
	1699	22		16		684
	1700	18		16		981
	1701	27		14		1139
	1702	30		14		3090
	1703	17		13		4011
	1704	19		14		2971
	1705	20		13		4028
	1706	21		16		4800
	1707	23		12		133
	1708	30		16		1512
	1709	26		12		4674
	1710	25		13		4706
	1711	30		11		3725
	1712	25		11		1796
	1713	21		14		4074
	1714	20		16		4693
	1715	21		16		1598
	1716	19		14		2951
	1717	19		11		310
	1718	20		11		4616
	1719	18		12		1475
	1720	17		16		67
	1721	29		14		2603
	1722	29		15		3734
	1723	20		14		1850
	1724	21		13		3788
	1725	28		14		2408
	1726	22		16		4559
	1727	22		13		4460
	1728	25		14		1200
	1729	30		14		1076
	1730	22		15		4028
	1731	30		12		2103
	1732	20		14		3021
	1733	17		13		1210
	1734	29		11		4231
	1735	23		14		3672
	1736	19		12		2805
	1737	19		16		604
	1738	19		12		4263
	1739	27		12		197
	1740	25		12		1841
	1741	18		11		2793
	1742	20		14		3010
	1743	21		16		2194
	1744	29		16		861
	1745	29		13		3872
	1746	19		15		3622
	1747	18		15		3541
	1748	17		14		3183
	1749	23		16		1733
	1750	18		15		1554
	1751	17		11		4387
	1752	26		12		1770
	1753	18		11		1243
	1754	25		12		3472
	1755	24		14		3299
	1756	24		15		3145
	1757	27		15		4824
	1758	25		12		3528
	1759	18		16		2693
	1760	28		12		1172
	1761	24		12		3803
	1762	27		16		4827
	1763	21		16		3491
	1764	20		14		183
	1765	22		13		1895
	1766	27		15		3431
	1767	23		14		2535
	1768	19		14		724
	1769	22		12		508
	1770	29		16		3520
	1771	20		11		4031
	1772	24		11		686
	1773	27		15		3070
	1774	17		11		3286
	1775	24		13		1214
	1776	27		14		2257
	1777	30		14		664
	1778	22		12		2190
	1779	19		15		956
	1780	18		13		1589
	1781	23		15		4760
	1782	26		15		4075
	1783	27		11		1777
	1784	21		12		3217
	1785	17		14		3107
	1786	20		12		401
	1787	18		14		4696
	1788	17		16		4077
	1789	27		15		2616
	1790	25		16		3014
	1791	19		11		1638
	1792	17		16		962
	1793	17		14		1042
	1794	28		13		2588
	1795	19		14		4485
	1796	23		12		2944
	1797	25		16		2059
	1798	25		11		4011
	1799	25		16		910
	1800	17		12		4025
	1801	28		11		454
	1802	29		16		114
	1803	30		15		3448
	1804	25		15		3946
	1805	30		12		3038
	1806	21		16		1001
	1807	30		16		1524
	1808	24		12		895
	1809	29		14		4137
	1810	24		15		2269
	1811	22		15		2444
	1812	17		15		2008
	1813	27		14		4682
	1814	23		11		1768
	1815	21		13		4089
	1816	27		15		2207
	1817	21		14		2175
	1818	27		11		342
	1819	22		13		4876
	1820	24		13		423
	1821	27		15		4701
	1822	27		13		217
	1823	19		16		3938
	1824	30		16		122
	1825	20		15		4257
	1826	28		11		1839
-1